0.8222989094170174
0.8489499354493205
0.9799302486554677
0.8119513724231846
0.9238224188135851
0.8205044905164202
0.8568227954804497
0.9756682068484929
0.855081816340905
0.8408607187985118
0.803884538807065
0.9555354160033218
0.9068995482480454
0.9501665046235939
0.8606871845406031
0.8338586569746489
0.9280890978199878
0.9971649086180308
0.8544769396490803
0.9307432511692945
0.9139086210467594
0.8575996509828101
0.9917615824745374
0.9557420051483559
0.8619863057192261
0.8254828818309131
0.8489364842921711
0.9784715823871353
0.8730748699515791
0.8110222095439382
0.9567293118300549
0.8871105932497274
0.8500004451169587
0.8497810568070394
0.9895947325901209
0.9021840387132166
0.9375672001694388
0.8027468186814715
0.8852272346720838
0.850378351895379
0.8169688637660827
0.9099290365619224
0.9992469501651072
0.9517150115361429
0.933748456669202
0.8442866325609784
0.8286272151293592
0.8539771289030034
0.8238208855689888
0.9478738615090554
0.8095352669051412
0.9706195422216846
0.9371484834544876
0.9619414705437878
0.9866823703954928
0.9409295894687248
0.9757276730158204
0.8621085159979031
0.9406586320815562
0.8082859462199617
0.8932645237494345
0.9792465194398521
0.8445601931230109
0.9771054709978299
0.996310592660828
0.9628101125438859
0.8430060893721474
0.9000403598687633
0.8367598812174407
0.9033703084358059
0.8417758313076711
0.9713414834848281
0.8548090340234004
0.9007710709416936
0.9792459184831896
0.8425582748606761
0.8805215173143656
0.9467984454707649
0.8138356805037558
0.8432236149738078
0.9551318592763421
0.9874927991740428
0.9734927589113705
0.9029796908201733
0.8035573945871904
0.8840270870085168
0.8255392155238644
0.9653670503143916
0.950784128727859
0.8791893425773969
0.914618894316702
0.8136544466247039
0.8162887049117074
0.8232379810377616
0.990024566588551
0.9024823271631629
0.9663201910815047
0.980738842911934
0.9531696311134592
0.8071974964863048
0.9724498917237261
0.9488443677885879
0.823592856714999
0.9665719617897957
0.8437387371654804
0.9108830479105439
0.9306109665985809
0.8539378482977451
0.8976982847737373
0.914718185439772
0.8537689252463088
0.9539340686783708
0.9864611878602351
0.9343658195335357
0.949146720815609
0.8393900992244822
0.9450247434910318
0.8499297496907121
0.9642245181182396
0.9946902318855838
0.9156504871236546
0.9376729038870885
